-0.07694825365780569
-1.4334755887415525
1.197904938302212
0.16408556009709752
-0.5395010409110004
1.832340049498244
-1.9994873465250018
0.31134398504623323
0.6776909528621893
1.271854657282311
-0.4140951110517832
-0.9165250327051714
-0.49756275227039
0.8194199410540799
-1.0316544085955357
0.42270117823973724
-0.17422596874522467
0.7430950124108825
-0.22945553347186776
-0.49895979074059943
0.9964995816220048
-1.6582251058776911
-0.27803262638607495
-0.7478660787081628
0.05892816215893968
1.7026456093719853
0.1650525469106207
-0.39903015667580216
0.02003078150516465
1.056717040864612
