0.524914834756801
-0.21499376680830862
-0.14280672306947645
0.4357771056685995
1.1974369408051726
0.19662283955992782
1.2968492821168023
2.4420160651189136
0.25645104793450635
1.6789403602117263
-0.44797721453752765
1.600954289964705
0.6112248942911414
0.8104693468951388
0.35878194653064377
0.08519234354944902
0.5098312580385189
0.16331883279253046
1.7207758638790855
0.372743675204673
-0.15741435315575417
0.4835525503621981
-0.0578150352003472
0.28909281007015614
0.3520860739517314
1.1754794508492492
-0.013758615189793821
0.5585465037831867
0.49461214119752367
0.3990775126345277
