0.07333047763045564
-1.5176606177758427
-1.6949049394864806
-0.35823408452872685
-0.6954000139096761
0.045359566403738366
-0.3908293735477889
-0.48235602498483965
-2.537306955942019
-2.788706646594075
-0.4024825756395313
-1.3580783533004592
-2.0078645734157616
-0.032906170276401636
-1.7399698832814445
-0.461268201210115
0.20656030741267087
-0.4571612088204513
-0.09132726265066012
-0.27923702146666984
-0.2518154935483541
-2.1397680561273194
-0.6507216205316408
0.06504192955130339
-0.9940146158227126
-0.3871528428695251
-0.5418050466406195
-1.3677690526540183
-0.12673817695279055
-0.20872618394110853
